11111111111111111111111111111111111111111111111111111111111111111111111111111111
10001100000000000000000000000000000000000000000000000000000000000000000000000001
10001100000000000000000000000000000000000000000000000000000000000000000000000001
10000000000000000000000000000000000000000000000000001100000000000000000000000001
10000000000000000000000000000000000000000000000000001100000000000000010000000001
10000000000000000000000000000000000000000000000000000000000000000000000000000001
10001100000000000000000000000000000000000000000000000000000000000000000000000001
10001100000000000000011110000000000000000000000000000000000000000000000000000001
10000000000000000000000000000000000000000000000000000000000000000000000000000001
10000000000000000000000000000000000000000000000000000000000000000000000000000001
10000000000000000000000000000000000000110000000000000000000000000000000000000001
10000000000000000000011110000000000011100000000000000000000000000000000000000001
10000000000000000000011110000000000110001000000110110000000000000000000000000001
10000000000000000000000000000000000000011000000000000000000000000000000000000001
10000000000000000000000000000000000000001000000000000000000000000000000000000001
10000000000000000000000000000010000000010000000001110000000000000111000000000001
10000000000000000000000000000010001000001011000000000000000000000000000000000001
10000000000000000000000000000000000000000011000000000000000000000000000000000001
10000000000000000000000000000000000000000000000000000000000000000000000000000001
10000000000000000000000000000000000000000000000001110000000000000000000000000001
10000000000000000000000000000000000000000000000000000000000000000000000000000001
10000000000000000000000001110000000000000000000000000000000000000000000000000001
10000000000111000000000001000000000000000000000000000000000000000000000000000001
10000000000000000000000000000000000000000000000000000000000000000000000000000001
10000000000000000000000000000000000000000000000000000000000000000000000000000001
10000000000000000000000000000000000000000000000000000000000000000000000000000001
10000000000111000000000000000110000000000000000000000000000000000000000000000001
10000000000100000000000000000000000000000000000000011000000000000000000000001111
10000000000000000000000000000000000000000000000000010000000000000000000000000111
11111111111111111111111111111111111111111111111111111111111111111111111111111111